0.00 
100.00 100.00 
150.00 300.00 150.00 
175.00 425.00 425.00 175.00 
187.50 500.00 625.00 500.00 187.50 
193.75 543.75 762.50 762.50 543.75 193.75 
196.88 568.75 853.12 962.50 853.12 568.75 196.88 
198.44 582.81 910.94 1107.81 1107.81 910.94 582.81 198.44 
199.22 590.62 946.88 1209.38 1307.81 1209.38 946.88 590.62 199.22 
199.61 594.92 968.75 1278.12 1458.59 1458.59 1278.12 968.75 594.92 199.61 
199.80 597.27 981.84 1323.44 1568.36 1658.59 1568.36 1323.44 981.84 597.27 199.80 
199.90 598.54 989.55 1352.64 1645.90 1813.48 1813.48 1645.90 1352.64 989.55 598.54 199.90 
199.95 599.22 994.04 1371.09 1699.27 1929.69 2013.48 1929.69 1699.27 1371.09 994.04 599.22 199.95 
199.98 599.58 996.63 1382.57 1735.18 2014.48 2171.58 2171.58 2014.48 1735.18 1382.57 996.63 599.58 199.98 
199.99 599.78 998.11 1389.60 1758.87 2074.83 2293.03 2371.58 2293.03 2074.83 1758.87 1389.60 998.11 599.78 199.99 
199.99 599.88 998.94 1393.85 1774.24 2116.85 2383.93 2532.31 2532.31 2383.93 2116.85 1774.24 1393.85 998.94 599.88 199.99 
200.00 599.94 999.41 1396.40 1784.05 2145.54 2450.39 2658.12 2732.31 2658.12 2450.39 2145.54 1784.05 1396.40 999.41 599.94 200.00 
200.00 599.97 999.68 1397.91 1790.22 2164.79 2497.97 2754.25 2895.21 2895.21 2754.25 2497.97 2164.79 1790.22 1397.91 999.68 599.97 200.00 
200.00 599.98 999.82 1398.79 1794.06 2177.51 2531.38 2826.11 3024.73 3095.21 3024.73 2826.11 2531.38 2177.51 1794.06 1398.79 999.82 599.98 200.00 
200.00 599.99 999.90 1399.31 1796.43 2185.79 2554.44 2878.75 3125.42 3259.97 3259.97 3125.42 2878.75 2554.44 2185.79 1796.43 1399.31 999.90 599.99 200.00 
200.00 600.00 999.95 1399.60 1797.87 2191.11 2570.12 2916.60 3202.08 3392.70 3459.97 3392.70 3202.08 2916.60 2570.12 2191.11 1797.87 1399.60 999.95 600.00 200.00 
200.00 600.00 999.97 1399.78 1798.74 2194.49 2580.61 2943.36 3259.34 3497.39 3626.33 3626.33 3497.39 3259.34 2943.36 2580.61 2194.49 1798.74 1399.78 999.97 600.00 200.00 
200.00 600.00 999.98 1399.87 1799.26 2196.61 2587.55 2961.98 3301.35 3578.37 3761.86 3826.33 3761.86 3578.37 3301.35 2961.98 2587.55 2196.61 1799.26 1399.87 999.98 600.00 200.00 

Elapsed Time: 12.803664218001359 seconds
Number of Function Calls: 33554106